<?xml version="1.0"?>
<opencv_storage>
<opencv_lbphfaces>
  <threshold>1.7976931348623157e+308</threshold>
  <radius>1</radius>
  <neighbors>1</neighbors>
  <grid_x>7</grid_x>
  <grid_y>7</grid_y>
  <histograms>
    <_ type_id="opencv-matrix">
      <rows>1</rows>
      <cols>98</cols>
      <dt>f</dt>
      <data>
        6.63265288e-01 3.36734682e-01 2.62755096e-01 7.37244904e-01
        5.03826499e-01 4.96173471e-01 3.81377548e-01 6.18622422e-01
        6.59438789e-01 3.40561211e-01 5.03826499e-01 4.96173471e-01
        4.13265288e-01 5.86734653e-01 4.18367326e-01 5.81632614e-01
        2.93367326e-01 7.06632614e-01 5.00000000e-01 5.00000000e-01
        3.22704077e-01 6.77295923e-01 4.54081625e-01 5.45918345e-01
        5.75255096e-01 4.24744904e-01 3.99234682e-01 6.00765288e-01
        3.76275510e-01 6.23724461e-01 5.81632614e-01 4.18367326e-01
        4.63010192e-01 5.36989808e-01 3.22704077e-01 6.77295923e-01
        3.80102038e-01 6.19897962e-01 2.21938774e-01 7.78061211e-01
        3.46938759e-01 6.53061211e-01 2.21938774e-01 7.78061211e-01
        3.85204077e-01 6.14795923e-01 4.73214269e-01 5.26785731e-01
        5.38265288e-01 4.61734682e-01 4.98724490e-01 5.01275480e-01
        3.17602038e-01 6.82397962e-01 4.78316307e-01 5.21683633e-01
        2.81887740e-01 7.18112230e-01 3.41836721e-01 6.58163249e-01
        4.59183663e-01 5.40816307e-01 4.70663249e-01 5.29336751e-01
        2.53826529e-01 7.46173441e-01 6.04591846e-01 3.95408154e-01
        4.13265288e-01 5.86734653e-01 3.89030606e-01 6.10969365e-01
        5.22959173e-01 4.77040797e-01 4.24744904e-01 5.75255096e-01
        3.96683663e-01 6.03316307e-01 3.17602038e-01 6.82397962e-01
        5.01275480e-01 4.98724490e-01 3.07397962e-01 6.92602038e-01
        4.69387740e-01 5.30612230e-01 5.63775480e-01 4.36224490e-01
        5.06377518e-01 4.93622452e-01 3.01020414e-01 6.98979557e-01
        3.27806115e-01 6.72193885e-01 4.20918345e-01 5.79081595e-01
        4.36224490e-01 5.63775480e-01</data></_>
    <_ type_id="opencv-matrix">
      <rows>1</rows>
      <cols>98</cols>
      <dt>f</dt>
      <data>
        5.25510192e-01 4.74489778e-01 2.05357134e-01 7.94642866e-01
        5.16581595e-01 4.83418345e-01 4.03061211e-01 5.96938789e-01
        6.81122422e-01 3.18877548e-01 5.99489808e-01 4.00510192e-01
        3.73724490e-01 6.26275480e-01 3.95408154e-01 6.04591846e-01
        3.26530606e-01 6.73469365e-01 4.93622452e-01 5.06377518e-01
        3.06122452e-01 6.93877518e-01 4.69387740e-01 5.30612230e-01
        5.22959173e-01 4.77040797e-01 4.34948981e-01 5.65051019e-01
        3.99234682e-01 6.00765288e-01 6.84948981e-01 3.15051019e-01
        4.56632644e-01 5.43367326e-01 3.30357134e-01 6.69642866e-01
        3.76275510e-01 6.23724461e-01 2.74234682e-01 7.25765288e-01
        3.97959173e-01 6.02040827e-01 1.81122452e-01 8.18877518e-01
        4.38775510e-01 5.61224461e-01 4.75765288e-01 5.24234712e-01
        5.17857134e-01 4.82142836e-01 5.63775480e-01 4.36224490e-01
        2.62755096e-01 7.37244904e-01 4.80867326e-01 5.19132614e-01
        2.02806115e-01 7.97193885e-01 3.89030606e-01 6.10969365e-01
        4.84693855e-01 5.15306115e-01 4.47704077e-01 5.52295923e-01
        2.15561226e-01 7.84438789e-01 5.76530576e-01 4.23469365e-01
        4.50255096e-01 5.49744904e-01 3.39285702e-01 6.60714269e-01
        5.24234712e-01 4.75765288e-01 4.13265288e-01 5.86734653e-01
        4.46428567e-01 5.53571403e-01 2.86989778e-01 7.13010192e-01
        5.99489808e-01 4.00510192e-01 2.81887740e-01 7.18112230e-01
        4.60459173e-01 5.39540827e-01 4.57908154e-01 5.42091846e-01
        4.84693855e-01 5.15306115e-01 2.81887740e-01 7.18112230e-01
        3.02295923e-01 6.97704077e-01 4.13265288e-01 5.86734653e-01
        4.34948981e-01 5.65051019e-01</data></_>
    <_ type_id="opencv-matrix">
      <rows>1</rows>
      <cols>98</cols>
      <dt>f</dt>
      <data>
        4.29846942e-01 5.70153058e-01 1.31377548e-01 8.68622422e-01
        4.87244874e-01 5.12755096e-01 4.24744904e-01 5.75255096e-01
        6.68367326e-01 3.31632644e-01 5.40816307e-01 4.59183663e-01
        3.86479586e-01 6.13520384e-01 3.06122452e-01 6.93877518e-01
        5.02551019e-01 4.97448981e-01 4.50255096e-01 5.49744904e-01
        2.79336721e-01 7.20663249e-01 4.03061211e-01 5.96938789e-01
        4.11989778e-01 5.88010192e-01 5.33163249e-01 4.66836721e-01
        4.74489778e-01 5.25510192e-01 6.77295923e-01 3.22704077e-01
        3.41836721e-01 6.58163249e-01 3.72448981e-01 6.27551019e-01
        4.38775510e-01 5.61224461e-01 2.37244889e-01 7.62755096e-01
        3.21428567e-01 6.78571403e-01 1.84948981e-01 8.15051019e-01
        5.25510192e-01 4.74489778e-01 4.11989778e-01 5.88010192e-01
        5.82908154e-01 4.17091817e-01 5.16581595e-01 4.83418345e-01
        3.03571433e-01 6.96428537e-01 4.56632644e-01 5.43367326e-01
        1.65816322e-01 8.34183633e-01 3.86479586e-01 6.13520384e-01
        6.05867326e-01 3.94132644e-01 4.18367326e-01 5.81632614e-01
        1.28826529e-01 8.71173441e-01 5.61224461e-01 4.38775510e-01
        6.21173441e-01 3.78826529e-01 2.69132644e-01 7.30867326e-01
        4.60459173e-01 5.39540827e-01 4.15816307e-01 5.84183633e-01
        4.41326529e-01 5.58673441e-01 2.94642866e-01 7.05357134e-01
        5.21683633e-01 4.78316307e-01 4.88520384e-01 5.11479557e-01
        4.13265288e-01 5.86734653e-01 4.96173471e-01 5.03826499e-01
        4.66836721e-01 5.33163249e-01 3.69897962e-01 6.30102038e-01
        2.75510192e-01 7.24489808e-01 4.33673471e-01 5.66326499e-01
        4.38775510e-01 5.61224461e-01</data></_>
    <_ type_id="opencv-matrix">
      <rows>1</rows>
      <cols>98</cols>
      <dt>f</dt>
      <data>
        5.12755096e-01 4.87244874e-01 2.60204077e-01 7.39795923e-01
        4.41326529e-01 5.58673441e-01 3.07397962e-01 6.92602038e-01
        7.19387770e-01 2.80612230e-01 5.38265288e-01 4.61734682e-01
        3.91581625e-01 6.08418345e-01 3.63520414e-01 6.36479557e-01
        2.86989778e-01 7.13010192e-01 4.75765288e-01 5.24234712e-01
        3.31632644e-01 6.68367326e-01 4.70663249e-01 5.29336751e-01
        4.96173471e-01 5.03826499e-01 4.98724490e-01 5.01275480e-01
        3.99234682e-01 6.00765288e-01 6.81122422e-01 3.18877548e-01
        4.37500000e-01 5.62500000e-01 3.32908154e-01 6.67091846e-01
        3.91581625e-01 6.08418345e-01 2.33418360e-01 7.66581595e-01
        3.83928567e-01 6.16071403e-01 2.76785702e-01 7.23214269e-01
        4.54081625e-01 5.45918345e-01 4.15816307e-01 5.84183633e-01
        5.80357134e-01 4.19642836e-01 5.15306115e-01 4.84693855e-01
        2.94642866e-01 7.05357134e-01 5.20408154e-01 4.79591817e-01
        2.29591832e-01 7.70408154e-01 2.88265288e-01 7.11734653e-01
        5.79081595e-01 4.20918345e-01 4.52806115e-01 5.47193885e-01
        1.86224490e-01 8.13775480e-01 5.98214269e-01 4.01785702e-01
        6.18622422e-01 3.81377548e-01 3.17602038e-01 6.82397962e-01
        4.52806115e-01 5.47193885e-01 4.28571433e-01 5.71428537e-01
        4.38775510e-01 5.61224461e-01 2.92091817e-01 7.07908154e-01
        5.16581595e-01 4.83418345e-01 4.29846942e-01 5.70153058e-01
        3.30357134e-01 6.69642866e-01 4.89795923e-01 5.10204077e-01
        5.35714269e-01 4.64285702e-01 2.89540797e-01 7.10459173e-01
        3.06122452e-01 6.93877518e-01 3.58418345e-01 6.41581595e-01
        4.93622452e-01 5.06377518e-01</data></_>
    <_ type_id="opencv-matrix">
      <rows>1</rows>
      <cols>98</cols>
      <dt>f</dt>
      <data>
        6.22448981e-01 3.77551019e-01 3.68622452e-01 6.31377518e-01
        4.14540797e-01 5.85459173e-01 3.18877548e-01 6.81122422e-01
        6.91326499e-01 3.08673471e-01 5.89285731e-01 4.10714269e-01
        3.94132644e-01 6.05867326e-01 3.81377548e-01 6.18622422e-01
        2.92091817e-01 7.07908154e-01 5.03826499e-01 4.96173471e-01
        3.20153058e-01 6.79846942e-01 4.33673471e-01 5.66326499e-01
        4.71938759e-01 5.28061211e-01 5.30612230e-01 4.69387740e-01
